{
    "imgurl": "",
    "imgw": 2.983971328437751,
    "imgleft": -1.4873205904167783,
    "imgtop": -1.0519856642188752,
    "imgangle": 0,
    "svgwidth": 400,
    "svgheight": 400,
    "unit": 100,
    "x0": 684,
    "y0": 380.5,
    "x0rel": 0,
    "y0rel": 0,
    "glyph": "0322,0362,0203,0336,0336,0333,0350,0334,0345,0335,0330,0335,0335,0337,0304,0203,0364,0334,0331,0331,0331,0331,",
    "table": []
}