{
    "constants": {},
    "imgurl": "",
    "plotparams": {
        "G": 0.5864527076591595,
        "g": 0.038554328942953145,
        "duration": 545.4545454545454,
        "plotwidth": 400,
        "plotheight": 400,
        "x0": 200,
        "y0": 247.93388429752062
    },
    "funcparams": {
        "a": 0.12727272727272726,
        "b": 0,
        "c": 0,
        "X0": 0,
        "Y0": 0
    }
}