{
    "imgurl": "",
    "imgw": 4.743971328437736,
    "imgleft": -2.2873205904167726,
    "imgtop": -3.171985664218851,
    "imgangle": 0,
    "svgwidth": 200,
    "svgheight": 200,
    "unit": 100,
    "x0": 684,
    "y0": 399,
    "x0rel": 0,
    "y0rel": 0,
    "glyph": "0336,0331,0330,0336,0331,0337,0210,0230,",
    "table": []
}