{
    "imgurl": "",
    "imgw": 2.983971328437751,
    "imgleft": -1.4873205904167783,
    "imgtop": -1.0519856642188752,
    "imgangle": 0,
    "svgwidth": 400,
    "svgheight": 400,
    "unit": 100,
    "x0": 684,
    "y0": 399,
    "x0rel": 0,
    "y0rel": 0,
    "glyph": "0336,0336,0331,0332,0332,0332,0330,0333,0337,0337,0210,0210,0332,0331,0221,0230,0304,0221,0335,0335,0230,0304,0335,0335,0334,0306,0350,0335,0304,0230,0221,0306,0335,0335,0304,0230,0334,0334,0304,0231,",
    "table": []
}