{
    "imgurl": "",
    "imgw": 2.983971328437751,
    "imgleft": -1.4873205904167783,
    "imgtop": -1.0519856642188752,
    "imgangle": 0,
    "svgwidth": 420,
    "svgheight": 120,
    "unit": 100,
    "x0": 684,
    "y0": 399,
    "x0rel": 0,
    "y0rel": 0,
    "glyph": "0210,0210,0332,0336,0332,0337,0221,0230,0304,0221,0335,0335,0230,0304,0231,0335,0335,0333,0333,0333,0231,",
    "table": []
}