{
    "constants": {},
    "imgurl": "",
    "plotparams": {
        "G": 68.84418352571562,
        "g": 0.04240976183724846,
        "duration": 545.4545454545454,
        "plotwidth": 400,
        "plotheight": 400,
        "x0": 200,
        "y0": 200
    },
    "funcparams": {
        "a": 0.12727272727272726,
        "b": 0,
        "c": 0,
        "X0": 0,
        "Y0": 0
    }
}