{
    "imgurl": "",
    "imgw": 2.983971328437751,
    "imgleft": -1.4873205904167783,
    "imgtop": -1.0519856642188752,
    "imgangle": 0,
    "svgwidth": 800,
    "svgheight": 600,
    "unit": 100,
    "x0": 752.5,
    "y0": 439,
    "x0rel": 0,
    "y0rel": 0,
    "glyph": "0337,0337,0305,0350,0334,0366,0335,0335,0367,0366,0335,0335,0367,0366,0335,0335,0367,0366,0335,0335,0367,0366,0335,0335,0367,",
    "table": []
}