{
    "imgurl": "",
    "imgw": 2.983971328437751,
    "imgleft": -1.4873205904167783,
    "imgtop": -1.0519856642188752,
    "imgangle": 0,
    "svgwidth": 600,
    "svgheight": 100,
    "unit": 68.30134553650707,
    "x0": 349.76584999999994,
    "y0": 407.72377962594976,
    "x0rel": -265.73415000000006,
    "y0rel": 48.72377962594976,
    "glyph": "01330,01331,01332,01333,01334,01335,01336,01337,0NaN,",
    "table": []
}