{
    "imgurl": "",
    "imgw": 4.743971328437736,
    "imgleft": -2.2873205904167726,
    "imgtop": -3.171985664218851,
    "imgangle": 0,
    "svgwidth": 500,
    "svgheight": 500,
    "unit": 100,
    "x0": 684,
    "y0": 399,
    "x0rel": 0,
    "y0rel": 0,
    "glyph": "0321,0337,0337,0337,0337,0347,0300,0331,0332,0350,0335,0211,0211,0211,0304,0334,0336,0336,0362,0203,0335,0337,0337,0203,0203,0335,0336,0203,0335,0203,0203,0203,0203,0335,0336,0203,0363,0335,0337,0330,0330,0330,0330,0336,0336,0330,0337,0334,0362,0203,0335,0203,0334,0331,0350,0335,0345,0335,0335,0345,0335,0330,0335,0335,0203,0335,0335,0203,0363,0335,0335,0304,0336,0330,0337,0337,0337,0331,0331,0336,0331,0336,0336,0330,0335,0337,0306,0362,0203,0335,0335,0203,0203,0335,0335,0203,0203,0335,0335,0203,0363,0304,0334,0336,0336,0330,0330,0337,0337,0337,0337,0300,0333,0331,0331,0333,0336,0331,0336,0330,0336,0331,0332,0337,0333,0337,0330,0337,0337,0337,0200,",
    "table": []
}