{
    "imgurl": "",
    "imgw": 2.983971328437751,
    "imgleft": -1.4873205904167783,
    "imgtop": -1.0519856642188752,
    "imgangle": 0,
    "svgwidth": 400,
    "svgheight": 400,
    "unit": 100,
    "x0": 684,
    "y0": 399,
    "x0rel": 0,
    "y0rel": 0,
    "glyph": "0336,0336,0336,0331,0331,0331,0331,0332,0332,0332,0337,0337,0337,0332,0362,0203,0335,0203,0203,0334,0336,0203,0335,0350,0335,0310,0337,0203,0203,0335,0335,0203,0203,0335,0335,0335,0336,0203,0334,0334,0203,0203,0203,0203,0354,0304,0335,0313,0330,0333,0333,0331,0337,0336,0330,0332,0211,0211,0211,0211,0335,0337,0342,0350,0334,0336,0366,0336,0333,0333,0333,0333,0335,0335,0335,0335,0337,0367,0335,0335,0335,",
    "table": []
}