{
    "imgurl": "",
    "imgw": 2.983971328437751,
    "imgleft": -1.4873205904167783,
    "imgtop": -1.0519856642188752,
    "imgangle": 0,
    "svgwidth": 500,
    "svgheight": 700,
    "unit": 100,
    "x0": 615.5,
    "y0": 359,
    "x0rel": 0,
    "y0rel": 0,
    "glyph": "0336,0336,0332,0331,0337,0332,0211,0211,0211,0211,0211,0250,",
    "table": []
}