{
    "imgurl": "",
    "imgw": 2.983971328437751,
    "imgleft": -1.4873205904167783,
    "imgtop": -1.0519856642188752,
    "imgangle": 0,
    "svgwidth": 450,
    "svgheight": 600,
    "unit": 100,
    "x0": 684,
    "y0": 399,
    "x0rel": 0,
    "y0rel": 0,
    "glyph": "0336,0336,0336,0332,0332,0332,0330,0330,0330,0336,0336,0330,0330,0330,0332,0332,0332,0332,0337,0337,0337,0337,0337,0210,0214,0214,0214,0214,0237,",
    "table": []
}