{
    "imgurl": "",
    "imgw": 2.983971328437751,
    "imgleft": -1.4873205904167783,
    "imgtop": -1.0519856642188752,
    "imgangle": 0,
    "svgwidth": 400,
    "svgheight": 400,
    "unit": 100,
    "x0": 615.5,
    "y0": 359,
    "x0rel": 0,
    "y0rel": 0,
    "glyph": "0331,0336,0336,0333,0337,0337,0332,0243,0333,0333,0331,0336,0333,0336,0336,0333,0337,0337,0337,0200,0336,0336,0336,0332,0337,0337,0337,0330,0332,0336,0331,0332,0335,0336,0366,0335,0335,0331,0331,0333,0333,0337,0367,0336,0335,0335,0333,0333,0333,0331,0331,0331,0333,0331,0331,0331,0336,0330,0337,0362,0203,0203,0203,0203,0203,0364,0335,0335,0336,0306,0350,0335,0362,0203,0334,0334,0334,0334,0203,0334,0334,0334,0334,0203,0363,0334,0334,0304,0333,0330,0330,0330,0330,0330,0330,0330,0330,0334,0306,0350,0335,0362,0203,0334,0334,0334,0334,0203,0334,0334,0334,0334,0203,0363,0334,0334,0304,0333,0331,",
    "table": []
}