{
    "imgurl": "",
    "imgw": 2.983971328437751,
    "imgleft": -1.4873205904167783,
    "imgtop": -1.0519856642188752,
    "imgangle": 0,
    "svgwidth": 550,
    "svgheight": 550,
    "unit": 100,
    "x0": 615.5,
    "y0": 359,
    "x0rel": 0,
    "y0rel": 0,
    "glyph": "0330,0336,0333,0332,0234,0333,0333,0333,0235,0330,0332,0336,0336,0330,0333,0337,060,0365,061,0330,0330,0365,062,0330,0330,0365,063,0330,0330,0365,064,0330,0330,0365,065,0330,0330,0365,066,0330,0330,0365,067,0330,0330,0365,0330,0330,0333,0333,060,0365,061,0333,0333,0365,062,0333,0333,0365,0333,0333,063,0365,064,0333,0333,0365,065,0333,0333,0365,066,0333,0333,0365,067,0333,0333,0365,0337,0337,0332,0332,0332,0332,0332,0336,0330,0333,0336,0330,0332,060,061,0171,0170,0365,0331,0331,0333,0331,0333,0171,0365,0330,0333,0333,0333,0330,0336,0331,0337,0170,0365,",
    "table": []
}