{
    "imgurl": "",
    "imgw": 4.743971328437736,
    "imgleft": -2.2873205904167726,
    "imgtop": -3.171985664218851,
    "imgangle": 0,
    "svgwidth": 1280,
    "svgheight": 720,
    "unit": 82.64462809917354,
    "x0": 684,
    "y0": 399,
    "x0rel": 0,
    "y0rel": 0,
    "glyph": "0337,0234,",
    "table": []
}