{
    "imgurl": "",
    "imgw": 2.983971328437751,
    "imgleft": -1.4873205904167783,
    "imgtop": -1.0519856642188752,
    "imgangle": 0,
    "svgwidth": 300,
    "svgheight": 200,
    "unit": 100,
    "x0": 684,
    "y0": 399,
    "x0rel": 0,
    "y0rel": 0,
    "glyph": "0336,0332,0336,0333,0337,0331,0337,0333,0362,0203,0334,0203,0336,0203,0334,0337,0203,0334,0336,0203,0203,0203,0354,0334,0330,0334,0366,0333,0334,0333,0367,0333,0366,0330,0335,0335,0335,0331,0367,",
    "table": []
}