{
    "constants": {},
    "imgurl": "",
    "plotparams": {
        "G": 21.935878491400615,
        "g": 0.06830134553650705,
        "duration": 545.4545454545454,
        "plotwidth": 400,
        "plotheight": 400,
        "x0": 200,
        "y0": 400
    },
    "funcparams": {
        "a": 0.12727272727272726,
        "b": 0,
        "c": 0,
        "X0": 0,
        "Y0": 0
    }
}