{
    "imgurl": "",
    "imgw": 2.983971328437751,
    "imgleft": -1.4873205904167783,
    "imgtop": -1.0519856642188752,
    "imgangle": 0,
    "svgwidth": 400,
    "svgheight": 400,
    "unit": 100,
    "x0": 615.5,
    "y0": 359,
    "x0rel": 0,
    "y0rel": 0,
    "glyph": "0330,0332,0336,0331,0332,0332,0336,0333,01101,01102,01103,01104,01105,01106,01107,01110,01111,01112,01113,01114,0331,0331,0332,0332,0332,0332,0332,0332,0332,0332,0332,0332,0332,0332,0332,01115,01116,01117,01120,01121,01122,01123,01124,01125,01126,01127,01130,0331,0331,0332,0332,0332,0332,01131,01132,",
    "table": []
}