{
    "imgurl": "",
    "imgw": 4.743971328437736,
    "imgleft": -2.2873205904167726,
    "imgtop": -3.171985664218851,
    "imgangle": 0,
    "svgwidth": 800,
    "svgheight": 600,
    "unit": 121.00000000000003,
    "x0": 684,
    "y0": 399,
    "x0rel": 0,
    "y0rel": 0,
    "glyph": "0330,0332,0332,0332,0330,0336,0331,01061,01062,01063,01064,01065,01066,01067,01070,0331,0331,0331,0332,0332,0332,0332,0332,0332,0332,0332,0332,0332,0332,0332,01161,01167,01145,01162,0331,0331,0331,0332,0332,0332,0332,0332,0332,01141,01163,01144,01146,01147,01150,01152,01153,",
    "table": []
}