{
    "imgurl": "",
    "imgw": 4.743971328437736,
    "imgleft": -2.2873205904167726,
    "imgtop": -3.171985664218851,
    "imgangle": 0,
    "svgwidth": 800,
    "svgheight": 300,
    "unit": 100,
    "x0": 684,
    "y0": 399,
    "x0rel": 0,
    "y0rel": 0,
    "glyph": "0211,0211,0332,0332,0332,0336,01061,01062,01063,01064,01065,01066,01067,01070,",
    "table": []
}