{
    "constants": {},
    "imgurl": "",
    "plotparams": {
        "G": 8.457230750101099,
        "g": 0.06830134553650705,
        "duration": 545.4545454545454,
        "plotwidth": 400,
        "plotheight": 400,
        "x0": 200,
        "y0": 400
    },
    "funcparams": {
        "f": 5.360676760535051,
        "T": 1.7186016995268678,
        "Tn": 11,
        "G": 1,
        "X0": 0,
        "Y0": 0
    }
}