{
    "imgurl": "",
    "imgw": 2.983971328437751,
    "imgleft": -1.4873205904167783,
    "imgtop": -1.0519856642188752,
    "imgangle": 0,
    "svgwidth": 400,
    "svgheight": 400,
    "unit": 100,
    "x0": 615.5,
    "y0": 359,
    "x0rel": 0,
    "y0rel": 0,
    "glyph": "0336,0336,0332,0337,0332,0337,0350,0335,0304,0336,0336,0201,0337,0230,0336,0201,0335,0201,0337,0230,0336,0201,0335,0201,0337,0230,0336,0201,0335,0201,0337,0230,0336,0201,0335,0340,0337,0337,0330,0340,0335,0330,0340,0335,0330,0340,0350,0335,0335,0335,0304,0310,0337,0313,0336,0336,0201,0337,0222,0336,0201,0337,0350,0334,0334,0334,0310,0337,0313,0304,0330,0350,0335,0201,0331,0335,0335,0335,0335,0332,0335,0330,0334,0201,0304,0334,",
    "table": []
}