{
    "imgurl": "",
    "imgw": 2.983971328437751,
    "imgleft": -1.4873205904167783,
    "imgtop": -1.0519856642188752,
    "imgangle": 0,
    "svgwidth": 200,
    "svgheight": 400,
    "unit": 100,
    "x0": 615.5,
    "y0": 359,
    "x0rel": 0,
    "y0rel": 0,
    "glyph": "0331,0336,0336,0336,0331,0337,0337,0332,0211,0211,0211,0221,0221,0221,0335,0335,0332,0335,0334,0331,0221,0221,0221,0221,0221,0335,0335,0332,0336,0333,0337,0336,0336,0336,0336,0333,0337,0337,0337,0337,0362,0203,0203,0203,0203,0203,0364,0334,0334,0336,0336,0336,0333,0337,0337,0337,0337,0362,0203,0203,0336,0203,0364,",
    "table": []
}