{
    "constants": {},
    "imgurl": "",
    "plotparams": {
        "G": 151.64603937149306,
        "g": 0.02393920493691634,
        "duration": 545.4545454545454,
        "plotwidth": 400,
        "plotheight": 400,
        "x0": 225.7177692391267,
        "y0": 289.01529428549946
    },
    "funcparams": {
        "a": 0.12727272727272726,
        "b": 0,
        "c": 0,
        "X0": 0,
        "Y0": 0
    }
}