{
    "constants": {},
    "imgurl": "",
    "plotparams": {
        "G": 83.30146206611592,
        "g": 0.07513148009015776,
        "duration": 545.4545454545454,
        "plotwidth": 400,
        "plotheight": 400,
        "x0": 200,
        "y0": 223.13366933306332
    },
    "funcparams": {
        "a": 0.12727272727272726,
        "b": 0,
        "c": 0,
        "X0": 0,
        "Y0": 0
    }
}