{
    "imgurl": "",
    "imgw": 4.743971328437736,
    "imgleft": -2.2873205904167726,
    "imgtop": -3.171985664218851,
    "imgangle": 0,
    "svgwidth": 700,
    "svgheight": 500,
    "unit": 68.30134553650706,
    "x0": 615.5,
    "y0": 404.45454545454544,
    "x0rel": 0,
    "y0rel": 45.45454545454544,
    "glyph": "0333,0333,0321,0333,0333,0331,0331,0331,0336,0333,0330,0333,0337,0362,0203,0203,0203,0203,0203,0203,0203,0334,0203,0203,0203,0203,0203,0203,0203,0203,0203,0203,0334,0203,0203,0203,0203,0203,0203,0203,0203,0334,0203,0203,0203,0203,0203,0203,0203,0203,0203,0203,0334,0203,0363,0300,0332,0330,0332,0332,0332,0332,0336,0332,0332,0330,0211,0333,0333,0333,0224,0330,0330,0330,0330,0330,0330,0330,0332,0330,0332,0332,0336,0333,0337,0225,",
    "table": []
}