{
    "imgurl": "",
    "imgw": 2.983971328437751,
    "imgleft": -1.4873205904167783,
    "imgtop": -1.0519856642188752,
    "imgangle": 0,
    "svgwidth": 600,
    "svgheight": 500,
    "unit": 100,
    "x0": 684,
    "y0": 399,
    "x0rel": 0,
    "y0rel": 0,
    "glyph": "0330,0332,0331,0332,0332,0336,0331,0330,0333,0330,0211,0211,0230,0333,0231,0333,0232,0333,0233,0331,0331,0331,0332,0332,0332,0332,0332,0332,0332,0234,0336,0333,0337,0235,0336,0333,0337,0236,0237,0240,0241,0242,",
    "table": []
}