{
    "imgurl": "",
    "imgw": 2.983971328437751,
    "imgleft": -1.4873205904167783,
    "imgtop": -1.0519856642188752,
    "imgangle": 0,
    "svgwidth": 600,
    "svgheight": 400,
    "unit": 100,
    "x0": 615.5,
    "y0": 359,
    "x0rel": 0,
    "y0rel": 0,
    "glyph": "0336,0330,0332,0332,0332,0332,0332,0337,01060,01061,01062,01063,0331,0331,0332,0332,0332,0332,0332,01064,01065,01066,01067,",
    "table": []
}