{
    "constants": {},
    "imgurl": "",
    "plotparams": {
        "G": 0.1698744598089914,
        "g": 6.626407607736663,
        "duration": 545.4545454545454,
        "plotwidth": 400,
        "plotheight": 400,
        "x0": 200,
        "y0": 400
    },
    "funcparams": {
        "T": 142.04293198443187,
        "Tn": 602.400691612424,
        "G": 1,
        "X0": 0,
        "Y0": 0
    }
}