{
    "latlon0":"38.88947, -77.03526",
    "x":0.0,
    "y":0.0,
    "unitpx":50,  
    "unitfeet":555,
    "angle":0
}