{
    "constants": {},
    "imgurl": "",
    "plotparams": {
        "G": 3.58669141914442,
        "g": 0.008390545288824004,
        "duration": 545.4545454545454,
        "plotwidth": 400,
        "plotheight": 400,
        "x0": 200,
        "y0": 204.90403660952114
    },
    "funcparams": {
        "a": 0.12727272727272726,
        "b": 0,
        "c": 0,
        "X0": 0,
        "Y0": 0
    }
}