{
    "imgurl": "",
    "imgw": 2.983971328437751,
    "imgleft": -1.4873205904167783,
    "imgtop": -1.0519856642188752,
    "imgangle": 0,
    "svgwidth": 600,
    "svgheight": 600,
    "unit": 100,
    "x0": 684,
    "y0": 399,
    "x0rel": 0,
    "y0rel": 0,
    "glyph": "0334,0331,0332,0337,0336,0336,0332,0332,0337,0337,0223,0335,0336,0336,0336,0336,0336,0330,0330,0330,0330,0330,0330,0330,0330,0330,0330,0333,0331,0331,0336,0336,0330,0333,0337,0337,0214,0214,0214,0337,0337,0337,0337,0332,0330,0337,0225,0336,0336,0336,0336,0336,0332,0332,0332,0332,0332,0332,0336,0336,0331,0332,0332,0331,0330,0332,0337,0337,0214,0214,0214,0214,0214,0337,0337,0337,0337,0211,0211,0211,0226,0300,0331,0331,0331,0330,0334,0330,0335,0335,0337,0220,0322,0336,0336,0336,0347,0337,0337,0337,0330,0323,0336,0336,0336,0347,0334,0337,0337,0337,0330,0324,0336,0336,0336,0347,0334,0337,0337,0337,0330,0325,0336,0336,0336,0347,0334,0337,0337,0337,0330,0326,0336,0336,0336,0347,0334,0337,0337,0337,0330,0336,0336,0336,0327,0347,0334,0337,0337,0337,0330,0336,0336,0336,0320,0347,",
    "table": []
}