{
    "imgurl": "",
    "imgw": 2.983971328437751,
    "imgleft": -1.4873205904167783,
    "imgtop": -1.0519856642188752,
    "imgangle": 0,
    "svgwidth": 600,
    "svgheight": 600,
    "unit": 100,
    "x0": 684,
    "y0": 399,
    "x0rel": 0,
    "y0rel": 0,
    "glyph": "0321,0337,0337,0337,0337,0347,0300,0210,0210,0337,0330,0336,0336,0336,0333,0331,0331,0333,0337,0337,01112,0331,0336,0336,0331,0337,0337,0333,0336,0333,0337,01112,01105,0331,0336,0336,0331,0337,0337,0333,0333,0333,0336,0332,0337,01112,01105,01110,0331,0336,0336,0331,0337,0337,0333,0333,0333,0333,0336,0332,0337,01112,01105,01110,01105,0331,0336,0336,0336,0336,0333,0333,0333,0333,0333,0333,0330,0330,0337,0337,0337,0330,0332,0332,0335,0337,0337,0337,0362,0203,0336,0203,0306,0334,0334,0337,0203,0336,0203,0336,0203,0334,0334,0203,0203,0203,0203,0203,0203,0203,0334,0334,0203,0354,",
    "table": []
}