{
    "imgurl": "",
    "imgw": 2.983971328437751,
    "imgleft": -1.4873205904167783,
    "imgtop": -1.0519856642188752,
    "imgangle": 0,
    "svgwidth": 600,
    "svgheight": 600,
    "unit": 100,
    "x0": 684,
    "y0": 399,
    "x0rel": 0,
    "y0rel": 0,
    "glyph": "0333,0333,01101,0332,0332,01126,",
    "table": []
}