{
    "imgurl": "",
    "imgw": 4.743971328437736,
    "imgleft": -2.2873205904167726,
    "imgtop": -3.171985664218851,
    "imgangle": 0,
    "svgwidth": 600,
    "svgheight": 800,
    "unit": 90.9090909090909,
    "x0": 684,
    "y0": 454,
    "x0rel": 0,
    "y0rel": 55,
    "glyph": "0330,0332,0330,0332,0330,0330,0331,0331,0333,0336,0333,0237,0330,0330,0332,0332,0331,0331,0332,0245,0333,0335,0336,0332,0336,0330,0337,0220,0334,0330,0330,0330,0330,0333,0333,0333,0336,0333,0330,0330,0337,0337,0244,0335,0335,0330,0336,0336,0330,0337,0220,0330,0330,0330,0331,0330,0330,0330,0330,0332,0332,0350,0334,0304,0220,0350,0334,0304,0330,0330,0330,0330,0335,0350,0335,0304,0220,0350,0335,0304,0335,0333,0333,0336,0331,0337,0337,0330,0242,0330,0330,0330,0246,0335,0335,0330,0336,0331,0336,0330,0337,0220,0337,0337,0335,0335,0331,0331,0331,0332,0336,0330,0236,0331,0335,0335,0336,0220,0330,0330,0337,0335,0335,0331,0336,0331,0337,0243,0331,0335,0335,0336,0330,0220,0330,0330,0335,0335,0337,0331,0331,0336,0330,0337,0241,",
    "table": []
}