{
    "imgurl": "",
    "imgw": 4.743971328437736,
    "imgleft": -2.2873205904167726,
    "imgtop": -3.171985664218851,
    "imgangle": 0,
    "svgwidth": 420,
    "svgheight": 420,
    "unit": 100,
    "x0": 684,
    "y0": 399,
    "x0rel": 0,
    "y0rel": 0,
    "glyph": "0321,0336,0332,0332,0332,0332,0336,0333,0337,0337,0362,0203,0336,0336,0203,0335,0337,0337,0203,0203,0203,0336,0203,0335,0203,0203,0203,0203,0203,0335,0203,0203,0203,0203,0203,0203,0203,0363,0335,0300,0332,0332,0336,0336,0333,0330,0337,0337,0251,",
    "table": []
}