{
    "imgurl": "",
    "imgw": 2.983971328437751,
    "imgleft": -1.4873205904167783,
    "imgtop": -1.0519856642188752,
    "imgangle": 0,
    "svgwidth": 300,
    "svgheight": 300,
    "unit": 100,
    "x0": 684,
    "y0": 399,
    "x0rel": 0,
    "y0rel": 0,
    "glyph": "0336,0331,0337,0336,0331,0337,0222,0230,0220,0230,0222,0331,0335,0230,0334,0222,0332,0334,0230,0335,0222,",
    "table": []
}