{
    "constants": {},
    "imgurl": "",
    "plotparams": {
        "G": -83.30146206611592,
        "g": 1.1,
        "duration": 545.4545454545454,
        "plotwidth": 400,
        "plotheight": 400,
        "x0": 136.60269107301414,
        "y0": 200
    },
    "funcparams": {
        "T": 28.531167061100035,
        "risetime": 23.579476910000015,
        "phi": 2.8559090909090905,
        "duration": 161.0510000000001,
        "X0": 0,
        "Y0": 0
    }
}