{
    "imgurl": "",
    "imgw": 2.983971328437751,
    "imgleft": -1.4873205904167783,
    "imgtop": -1.0519856642188752,
    "imgangle": 0,
    "svgwidth": 200,
    "svgheight": 400,
    "unit": 100,
    "x0": 684,
    "y0": 399,
    "x0rel": 0,
    "y0rel": 0,
    "glyph": "0321,0337,0337,0337,0347,0300,0210,0336,0336,0330,0337,0337,0231,0331,0331,0335,0335,0331,0331,0336,0331,0337,0330,0233,",
    "table": []
}