{
    "imgurl": "",
    "imgw": 2.983971328437751,
    "imgleft": -1.4873205904167783,
    "imgtop": -1.0519856642188752,
    "imgangle": 0,
    "svgwidth": 400,
    "svgheight": 400,
    "unit": 100,
    "x0": 615.5,
    "y0": 359,
    "x0rel": 0,
    "y0rel": 0,
    "glyph": "0336,0336,0330,0337,0331,0331,0332,0332,0224,0225,0224,0225,0335,0335,0332,0224,0225,0224,0225,0335,0335,0333,0224,0225,0224,0225,0335,0335,0332,0224,0225,0224,0225,0336,0332,0343,0334,0350,0334,0343,0334,0304,0330,0332,0330,0330,0330,0330,0330,0330,0330,0332,0343,0331,0331,0331,0331,0331,0331,0331,0331,0335,0335,0333,0333,0343,0335,0335,0330,0330,0330,0330,0330,0330,0330,0330,0332,0332,0343,0335,0335,0335,0332,0332,0332,0332,0332,0332,0330,0330,0343,0335,0335,0330,0330,0330,0330,0330,0330,0330,0330,0332,0332,0343,0334,0334,0330,0330,0330,0330,0330,0330,0330,0330,0333,0333,0343,0335,0330,0333,0333,0333,0333,0333,0333,0333,0333,0335,0362,0203,0203,0354,0333,0350,0334,0343,0335,0330,0335,0335,0304,0362,0203,0203,0203,0203,0203,0203,0203,0354,0333,0350,0334,0343,0335,0330,0335,0335,0304,0362,0203,0203,0203,0203,0203,0203,0203,0203,0354,0333,0350,0334,0343,0335,0330,0335,0335,0342,0304,",
    "table": []
}