{
    "constants": {},
    "imgurl": "",
    "plotparams": {
        "G": 100.79476910000022,
        "g": 0.017985878990921366,
        "tstart": -200,
        "duration": 545.4545454545454,
        "plotwidth": 400,
        "plotheight": 400,
        "x0": 200,
        "y0": 200
    },
    "funcparams": {
        "theta": 90,
        "a": 0.19784466890013488,
        "b": -0.1978446689001349,
        "T": 1.4655609018152753,
        "X0": 0,
        "Y0": 0
    }
}