{
    "imgurl": "",
    "imgw": 4.743971328437736,
    "imgleft": -2.2873205904167726,
    "imgtop": -3.171985664218851,
    "imgangle": 0,
    "svgwidth": 500,
    "svgheight": 500,
    "unit": 100,
    "x0": 684,
    "y0": 399,
    "x0rel": 0,
    "y0rel": 0,
    "glyph": "0330,0332,0331,0331,0331,0332,0336,01172,0333,01170,0333,01143,0333,01166,0330,0330,0330,0332,0332,0332,0332,0332,0332,0332,01141,0333,01163,0333,01144,0333,01146,0337,0330,0330,0332,0332,0332,0336,0331,01161,0333,01167,0333,01145,0333,01162,",
    "table": []
}