{
    "imgurl": "",
    "imgw": 4.743971328437736,
    "imgleft": -2.2873205904167726,
    "imgtop": -3.171985664218851,
    "imgangle": 0,
    "svgwidth": 400,
    "svgheight": 500,
    "unit": 100,
    "x0": 684,
    "y0": 399,
    "x0rel": 0,
    "y0rel": 0,
    "glyph": "0330,0330,0332,0336,0336,0336,0333,0333,0333,0331,0333,0331,0333,0331,0333,0331,0332,0330,0337,0337,0331,0332,0332,01061,0336,0333,0337,01062,0336,0333,0337,01063,0336,0337,0333,01064,0331,0331,0332,0332,0332,0332,0332,0332,01065,0336,0333,0337,01066,0336,0333,0337,01067,0336,0333,0337,01060,0331,0331,0332,0332,0332,0332,0332,0332,01101,01123,01104,01106,0331,0331,0332,0332,0332,0332,0332,0332,01172,01170,01143,01166,",
    "table": []
}