{
    "imgurl": "",
    "imgw": 4.743971328437736,
    "imgleft": -2.2873205904167726,
    "imgtop": -3.171985664218851,
    "imgangle": 0,
    "svgwidth": 500,
    "svgheight": 500,
    "unit": 100,
    "x0": 684,
    "y0": 399,
    "x0rel": 0,
    "y0rel": 0,
    "glyph": "0330,0332,0332,0331,0331,0331,0336,01101,01123,01104,01106,0330,0330,0330,0332,0332,0332,0332,0332,0332,0332,0336,0331,0332,0337,01164,01171,01165,01151,01171,0330,0332,0332,0332,0330,0332,0332,0332,0332,01064,0336,0333,0337,01065,0336,0333,0337,01066,0336,0333,0337,01067,0330,0330,0332,0332,0332,0332,0332,01060,0336,0333,0337,01061,0336,0333,0337,01062,0336,0333,0337,01063,",
    "table": []
}